20140801230836328,aa3d7fc848ab899c1b006dcc02b33d27,4,60,3,0,77356
20140801230945068,9a98efcd83509cffa8b89f88e567bf64,4,60,1,0,13228
20140801231049589,20e9159654a96c3a533cbb91a5412bb2,4,60,3,1,113260
20140801231137530,ebda7f1f80fd7e16473b706adbf974bc,4,60,0,0,0
20140801233546719,21ba280ea7d505d6ceb07b240ca8b284,4,60,0,0,0
20140801233546721,d1fbdd1c523bf8594fe89ae4b0b1fcaf,4,60,0,0,0
20140801233630646,377d818353c74ea04120d15ff5908cb8,4,60,0,0,0
20140801234838661,01b920e6a20c8912d7456cc657a391d8,4,60,0,0,0
20140801234838663,82ff7cdfaa13d866728b8a7e785e8226,4,60,0,0,0
20140801234838670,0f42fa432bf4308b74f4ae4976da4c92,4,60,0,0,0
20140801234838679,5ec1e5c31c6de0b090b88bae7f724df7,4,60,0,0,0
20140801234838727,230999ee3557a6b5f00ff1f77b4d1b57,4,60,0,0,0
20140801235017765,f7294ca202798d22a4c61163db872ba7,4,60,0,0,0
20140801235420688,f8f607e65a320444e07d040dc3493c36,4,60,0,0,0
20140802000433080,733e68cbcc688e18cddc9d3b600869e9,4,60,0,0,0
20140802000845396,941de27f26503da9120edab8d5942f88,4,60,0,0,0
20140802000859214,315ad855223d0b290dbfd9c53bcfdb37,4,60,0,0,0
20140802000903481,b3fcfa94be42210640060dd6c2c75e80,4,60,0,0,0
20140802001337699,239452ec9df378672e35ed06a41ad723,4,60,0,0,0
20140802001340812,e121d05422cb747b95d131ef78c6b3ac,4,60,0,0,0
20140802001343985,c0dc94be1088e85abecd6a06cfe3397a,4,60,0,0,0
20140802001423812,f7d92c5832d67abca7165c2c5d375e4f,4,60,0,0,0
20140802001737191,ef657e1ea80ee4b3cd5e48b5438adf7b,4,60,1,0,26256
20140802001837720,353023ab46fbaa63e8b83a8f5e8d79d4,4,60,1,0,13624
20140802001950427,c0ab9d64cdcc53098a02b80ec9838191,4,60,1,0,10936
20140802002107827,3df8c4455c66d21e83ea7983bb9e72f1,4,60,1,0,26136
20140802002208177,2c48d29c1435fa2f14b1f4ceea843fc4,4,60,1,0,11304
20140802002308909,c106a6dd3f353e2d7b703686e7a47904,4,60,1,0,11868
20140802002401811,358a20cfa395c865724981a522dde30d,4,60,0,0,0
20140802002414854,f1a6e1f8b4e32798ca0a0e98f7c46e3c,4,60,1,0,23032
20140802002515125,5b89aed6ba65af637e14353dea682c2f,4,60,1,0,14284
20140802002555653,0eecaeb0a7ba026de55446d22db333be,4,60,0,0,0
20140802004558052,1d6bf2ab53d16be19ef03339b9a2f421,4,60,17,1,3332
