20140802025559173,91e8bf91dd9ee44928ee89c08b0df383,4,300,1,0,132060
20140802025722298,da492fcc1c840dc95dca1d72fcc0790a,4,60,1,0,59944
20140802025822308,610fe303d65473cf7e81514faa6b14b1,4,60,2,0,177064
20140802025922316,e86900768b3031eae0cc1b763634168c,4,60,1,0,66680
20140802030522300,6119ce82f86749a13cd425b6d9f2a6aa,4,300,2,0,177176
20140802030529080,f8217e0559bdc34e546c000049b55069,4,300,0,0,0
20140802031049899,192ce73cf97b7588d6196bfd5d409642,4,300,2,0,387000
20140802031549912,ff3d4264435bb4f2cf4008eee1a26c99,4,300,1,0,509504
20140802032049947,d3e2a51e6178c0b0127437e7c8827f3a,4,300,3,2,330276
20140802032549955,d21e67a3036ce1daed1cd12c7ed2e9f2,4,300,6,2,290816
20140802033049960,17ccdebb6bb66de1ff76336cdc38b0b8,4,300,3,1,367312
20140802033148451,0b24741b23f04c6bfeaf1df98e04fe93,4,300,0,0,0
